# Created by Octave 3.6.4, Tue May 06 15:44:39 2014 EDT <bill@bill-ThinkPad-W530>
# name: msvr
# type: matrix
# rows: 36
# columns: 1
 0.154117
 0.14088
 0.155386
 0.156503
 0.220002
 0.206087
 0.263481
 0.347028
 0.5006890000000001
 0.154616
 0.174042
 0.134405
 0.187781
 0.203237
 0.208058
 0.22103
 0.336431
 0.5149319999999999
 0.15004
 0.174859
 0.157349
 0.174927
 0.193694
 0.204624
 0.258466
 0.323416
 0.496619
 0.153984
 0.141591
 0.163013
 0.18554
 0.202818
 0.217383
 0.263309
 0.342093
 0.513131


# name: nnet
# type: matrix
# rows: 24
# columns: 1
 0.07199999999999999
 0.096
 0.205
 0.356
 0.9409999999999999
 2.029
 0.073
 0.096
 0.202
 0.358
 0.944
 2.02
 0.07199999999999999
 0.096
 0.201
 0.355
 0.952
 2.056
 0.074
 0.096
 0.202
 0.357
 0.9370000000000001
 2.019


# name: x
# type: matrix
# rows: 1
# columns: 9
 1 2 3 4 5 6 7 8 9


# name: y
# type: matrix
# rows: 1
# columns: 6
 1 2 3 4 5 6


# name: z
# type: matrix
# rows: 1
# columns: 6
 1.55 1.5286 1.5236 1.4917 1.4815 1.4784


